utc pending drained_counter sent_log_total drain_log_total
13:44:06Z 0.0 0.0 171 0
13:44:22Z 0.0 0.0 219 0
13:44:38Z 0.0 0.0 264 0
13:44:53Z 0.0 0.0 312 0
13:45:09Z 0.0 0.0 357 0
13:45:24Z 0.0 0.0 405 0
13:45:40Z 0.0 0.0 453 0
13:45:56Z 0.0 0.0 498 0
13:46:11Z 0.0 0.0 546 0
13:46:27Z 0.0 0.0 591 0
13:46:43Z 0.0 0.0 639 0
13:46:58Z 0.0 0.0 687 0
13:47:14Z 0.0 0.0 732 0
13:47:29Z 0.0 0.0 780 0
13:47:45Z 0.0 0.0 825 0
13:48:01Z 0.0 0.0 873 0
13:48:16Z 0.0 0.0 921 0
13:48:32Z 0.0 0.0 966 0
13:48:48Z 0.0 0.0 1014 0
13:49:03Z 0.0 0.0 1059 0
13:49:19Z 0.0 0.0 1107 0
