utc pending drained_counter sent_log_total drain_log_total
13:49:42Z 0.0 0.0 1176 0
13:49:58Z 0.0 0.0 1221 0
13:50:13Z 0.0 0.0 1221 0
13:50:29Z 0.0 0.0 1221 0
13:50:44Z 0.0 0.0 1221 0
13:51:00Z 0.0 0.0 1221 0
13:51:16Z 0.0 0.0 1221 0
13:51:32Z 0.0 0.0 1221 0
13:51:47Z 0.0 0.0 1221 0
13:52:03Z 24.0 0.0 1221 0
13:52:19Z 24.0 0.0 1221 0
13:52:35Z 24.0 0.0 1221 0
13:52:50Z 24.0 0.0 1221 0
13:53:06Z 0.0 381.0 1407 381
13:53:22Z 0.0 381.0 1455 381
13:53:38Z 0.0 381.0 1503 381
13:53:54Z 0.0 381.0 1551 381
13:54:10Z 0.0 381.0 1599 381
13:54:26Z 0.0 381.0 1647 381
13:54:42Z 0.0 381.0 1695 381
13:54:58Z 0.0 381.0 1743 381
13:55:14Z 0.0 381.0 1791 381
13:55:30Z 0.0 381.0 1839 381
13:55:46Z 0.0 381.0 1884 381
13:56:02Z 0.0 381.0 1932 381
13:56:18Z 0.0 381.0 1980 381
13:56:34Z 0.0 381.0 2028 381
13:56:49Z 0.0 381.0 2076 381
13:57:05Z 0.0 381.0 2124 381
13:57:21Z 0.0 381.0 2172 381
13:57:37Z 0.0 381.0 2220 381
13:57:53Z 0.0 381.0 2268 381
13:58:09Z 0.0 381.0 2316 381
13:58:25Z 0.0 381.0 2364 381
13:58:41Z 0.0 381.0 2412 381
13:58:57Z 0.0 381.0 2460 381
13:59:13Z 0.0 381.0 2508 381
13:59:29Z 0.0 381.0 2553 381
13:59:45Z 0.0 381.0 2601 381
14:00:01Z 0.0 381.0 2649 381
14:00:17Z 0.0 381.0 2697 381
14:00:33Z 0.0 381.0 2745 381
14:00:49Z 0.0 381.0 2793 381
14:01:05Z 0.0 381.0 2841 381
14:01:21Z 0.0 381.0 2889 381
14:01:37Z 0.0 381.0 2937 381
14:01:53Z 0.0 381.0 2985 381
14:02:09Z 0.0 381.0 3033 381
14:02:25Z 0.0 381.0 3081 381
14:02:41Z 0.0 381.0 3129 381
14:02:57Z 0.0 381.0 3177 381
14:03:13Z 0.0 381.0 3225 381
14:03:29Z 0.0 381.0 3273 381
