utc pending drained_counter sent_log_total drain_log_total
09:30:10Z 0.0 4.0 354 4
09:30:28Z 0.0 4.0 411 4
09:30:46Z 0.0 4.0 465 4
09:31:05Z 0.0 4.0 522 4
09:31:23Z 0.0 4.0 579 4
09:31:42Z 0.0 4.0 633 4
09:32:01Z 0.0 4.0 690 4
09:32:19Z 0.0 4.0 744 4
09:32:38Z 0.0 4.0 801 4
09:32:56Z 0.0 4.0 855 4
09:33:15Z 0.0 4.0 912 4
09:33:33Z 0.0 4.0 966 4
09:33:52Z 0.0 4.0 1023 4
09:34:11Z 0.0 4.0 1080 4
09:34:30Z 0.0 4.0 1137 4
09:34:49Z 0.0 4.0 1194 4
09:35:07Z 0.0 4.0 1248 4
09:35:26Z 0.0 4.0 1305 4
09:35:45Z 0.0 4.0 1362 4
09:36:04Z 0.0 4.0 1419 4
09:36:23Z 0.0 4.0 1476 4
